{
  "advancedEditorSelectedIdentifier" : "ProjectBrowser",
  "openSceneRelativePaths" : [

  ],
  "recentIdentifiers" : {
    "AF09ED6F-1707-48FD-8720-65B998362C09" : [

    ]
  },
  "sceneCameraHistory" : {
    "AF09ED6F-1707-48FD-8720-65B998362C09" : [
      {
        "date" : 713368938.465601,
        "title" : "Untitled",
        "transform" : [
          0.9959626,
          5.5481584e-09,
          -0.08976894,
          0,
          -0.020694006,
          0.97306633,
          -0.22959463,
          0,
          0.08735115,
          0.23052531,
          0.9691377,
          0,
          0.25103682,
          1.5268856,
          2.3076892,
          1
        ]
      },
      {
        "date" : 713368931.83307,
        "title" : "Untitled",
        "transform" : [
          0.95990676,
          5.28454e-09,
          -0.2803195,
          0,
          -0.0879489,
          0.94950724,
          -0.3011662,
          0,
          0.2661654,
          0.3137452,
          0.9114384,
          0,
          0.65232354,
          1.721723,
          2.0808587,
          1
        ]
      },
      {
        "date" : 713368923.994625,
        "title" : "Untitled",
        "transform" : [
          0.9975619,
          2.878243e-09,
          0.06978794,
          0,
          0.013927484,
          0.9798839,
          -0.19908182,
          0,
          -0.06838406,
          0.19956832,
          0.9774947,
          0,
          -0.12250742,
          1.4525578,
          2.3653536,
          1
        ]
      },
      {
        "date" : 713368851.011901,
        "title" : "Untitled",
        "transform" : [
          0.9959573,
          1.9119053e-09,
          0.08982833,
          0,
          -0.0039225244,
          0.9990462,
          0.043490544,
          0,
          -0.089742616,
          -0.043667138,
          0.9950073,
          0,
          -0.20446129,
          0.7168585,
          2.6350389,
          1
        ]
      },
      {
        "date" : 713368847.775028,
        "title" : "Untitled",
        "transform" : [
          0.99700403,
          5.3276623e-09,
          0.07734944,
          0,
          -0.023374312,
          0.95324737,
          0.30128592,
          0,
          -0.07373312,
          -0.30219126,
          0.9503914,
          0,
          -0.17883472,
          0.0043022106,
          2.732603,
          1
        ]
      },
      {
        "date" : 713367654.258589,
        "title" : "Untitled",
        "transform" : [
          0.99941826,
          3.0563632e-09,
          -0.034104086,
          0,
          -0.0340833,
          0.034899533,
          -0.9988095,
          0,
          0.0011902418,
          0.99939084,
          0.034879245,
          0,
          0.007438532,
          2.5111523,
          -0.70553744,
          1
        ]
      },
      {
        "date" : 713367645.706031,
        "title" : "Untitled",
        "transform" : [
          0.99941826,
          3.0563632e-09,
          -0.034104086,
          0,
          -0.0340833,
          0.034899533,
          -0.9988095,
          0,
          0.0011902418,
          0.99939084,
          0.034879245,
          0,
          -0.007723194,
          2.5113268,
          -0.7100202,
          1
        ]
      },
      {
        "date" : 713367644.364725,
        "title" : "Untitled",
        "transform" : [
          0.99612916,
          3.056363e-09,
          -0.08790163,
          0,
          -0.087848075,
          0.034899592,
          -0.9955224,
          0,
          0.0030677568,
          0.99939084,
          0.034764513,
          0,
          -0.003005257,
          2.5113268,
          -0.7103085,
          1
        ]
      },
      {
        "date" : 713367635.536256,
        "title" : "Untitled",
        "transform" : [
          0.99612916,
          3.056363e-09,
          -0.08790163,
          0,
          -0.087848075,
          0.034899592,
          -0.9955224,
          0,
          0.0030677568,
          0.99939084,
          0.034764513,
          0,
          0.01434259,
          8.162772,
          -0.51371944,
          1
        ]
      },
      {
        "date" : 713367629.606447,
        "title" : "Untitled",
        "transform" : [
          0.99612916,
          3.056363e-09,
          -0.08790163,
          0,
          -0.087848075,
          0.034899592,
          -0.9955224,
          0,
          0.0030677568,
          0.99939084,
          0.034764513,
          0,
          -0.006769066,
          1.2851766,
          -0.75296175,
          1
        ]
      }
    ],
    "D66134B1-3681-4A8E-AFE5-29F257229F3B" : [
      {
        "date" : 713337740.602765,
        "title" : "Untitled",
        "transform" : [
          1,
          0,
          0,
          0,
          0,
          0.8660254,
          -0.5,
          0,
          0,
          0.5,
          0.8660254,
          0,
          0,
          1.013951,
          1.7564144,
          1
        ]
      },
      {
        "date" : 713337737.162644,
        "title" : "Untitled",
        "transform" : [
          1,
          0,
          -0,
          0,
          -0,
          0.8660254,
          -0.5,
          0,
          0,
          0.5,
          0.8660254,
          0,
          0,
          0.26489416,
          0.45901015,
          1
        ]
      }
    ]
  }
}